G down =
nan 0.00 0.00 0.00 0.00 0.00
1.00 0.02 0.03 0.03 0.09 0.07
1.00 0.80 0.02 0.04 0.02 0.17
1.00 0.49 0.72 0.02 0.04 0.03

G right =
nan 1.00 1.00 1.00 1.00 1.00
0.00 0.03 0.94 0.45 0.85 0.57
0.00 0.13 0.04 0.93 0.32 0.78
0.00 0.09 0.22 0.06 0.93 0.30

M =
nan 0.00 0.00 0.00 0.00 0.00
0.00 0.95 0.04 0.52 0.06 0.36
0.00 0.08 0.95 0.03 0.66 0.06
0.00 0.43 0.07 0.91 0.03 0.67

G down =
nan 0.00 0.00 0.00 0.00 0.00 0.00 0.00 0.00 0.00 0.00 0.00
1.00 0.16 0.11 0.14 0.28 0.10 0.10 0.08 0.14 0.08 0.12 0.12
1.00 0.26 0.14 0.10 0.05 0.40 0.21 0.16 0.05 0.25 0.19 0.20
1.00 0.72 0.38 0.22 0.29 0.04 0.23 0.19 0.27 0.04 0.17 0.18
1.00 0.71 0.14 0.29 0.27 0.51 0.02 0.15 0.17 0.36 0.05 0.15
1.00 0.75 0.68 0.04 0.18 0.34 0.66 0.02 0.12 0.17 0.46 0.07
1.00 0.43 0.67 0.75 0.03 0.14 0.45 0.70 0.02 0.11 0.20 0.51
1.00 0.84 0.59 0.75 0.82 0.04 0.12 0.39 0.77 0.05 0.11 0.24
1.00 0.83 0.68 0.37 0.74 0.83 0.18 0.13 0.55 0.80 0.30 0.17
1.00 0.82 0.35 0.67 0.66 0.79 0.19 0.32 0.35 0.71 0.33 0.62
1.00 0.82 0.76 0.64 0.69 0.45 0.59 0.33 0.35 0.26 0.57 0.61
1.00 0.81 0.73 0.39 0.56 0.76 0.53 0.19 0.22 0.51 0.38 0.18

G right =
nan 1.00 1.00 1.00 1.00 1.00 1.00 1.00 1.00 1.00 1.00 1.00
0.00 0.27 0.74 0.55 0.55 0.28 0.82 0.78 0.76 0.45 0.82 0.81
0.00 0.08 0.66 0.79 0.19 0.52 0.55 0.74 0.28 0.67 0.65 0.69
0.00 0.09 0.22 0.58 0.58 0.06 0.68 0.70 0.65 0.17 0.75 0.73
0.00 0.18 0.05 0.53 0.61 0.41 0.03 0.78 0.76 0.57 0.14 0.78
0.00 0.14 0.20 0.03 0.73 0.59 0.29 0.03 0.81 0.76 0.49 0.14
0.00 0.06 0.24 0.17 0.03 0.79 0.49 0.24 0.03 0.82 0.73 0.44
0.00 0.09 0.13 0.16 0.10 0.04 0.79 0.55 0.17 0.04 0.81 0.70
0.00 0.07 0.19 0.08 0.20 0.08 0.24 0.20 0.38 0.11 0.15 0.16
0.00 0.10 0.10 0.26 0.13 0.13 0.12 0.52 0.29 0.17 0.07 0.23
0.00 0.12 0.14 0.18 0.22 0.09 0.28 0.34 0.48 0.17 0.26 0.14
0.00 0.12 0.18 0.12 0.34 0.17 0.26 0.18 0.65 0.41 0.37 0.09

M =
nan 0.00 0.00 0.00 0.00 0.00 0.00 0.00 0.00 0.00 0.00 0.00
0.00 0.57 0.16 0.31 0.18 0.62 0.08 0.14 0.09 0.46 0.07 0.07
0.00 0.66 0.20 0.11 0.76 0.09 0.25 0.11 0.67 0.08 0.17 0.10
0.00 0.19 0.40 0.20 0.13 0.91 0.09 0.12 0.08 0.79 0.08 0.09
0.00 0.12 0.81 0.18 0.12 0.08 0.95 0.08 0.08 0.06 0.81 0.07
0.00 0.10 0.12 0.93 0.09 0.07 0.06 0.95 0.07 0.07 0.06 0.80
0.00 0.51 0.09 0.08 0.95 0.07 0.05 0.06 0.95 0.07 0.07 0.05
0.00 0.07 0.29 0.09 0.08 0.92 0.09 0.06 0.06 0.92 0.08 0.07
0.00 0.09 0.12 0.55 0.06 0.09 0.58 0.66 0.07 0.09 0.56 0.67
0.00 0.07 0.55 0.07 0.21 0.07 0.68 0.17 0.36 0.11 0.61 0.15
0.00 0.07 0.10 0.18 0.10 0.46 0.13 0.32 0.16 0.58 0.18 0.26
0.00 0.07 0.09 0.50 0.10 0.07 0.21 0.63 0.13 0.08 0.26 0.73
